os pares de entradas para testes foram gerados por:
https://commentpicker.com/random-number-generator.php


53 -54
38 -49
-92 38
-72 37
39 36
41 78
-49 5
-55 52
56 -53
1 -51
-22 88
33 -83
69 79
29 40
37 -82
-21 -61
-21 45
65 88
-77 71
76 24


NEW:

3 8
2 -9
8 5
6 1
-5 8

-6 -1
-4 8
10 2
-7 3
4 2

-9 1
-5 -6
-9 8
2 -4
-8 -6

-5 -3
1 2
7 6
3 -10
-10 -2

9 8
9 6
2 -6
-1 -6
8 0

-10 10
-5 -4
2 -1
-10 1
1 3

-9 7
9 7
10 -9
4 -10
-5 5

1 10
-10 -6
7 4
-4 5
4 6

9 -9
8 0
0 5
4 9
7 3

6 8
4 -8
5 8
3 3
2 7